NAME : results14.1811968.tour
COMMENT : Length = 1811968
COMMENT : Found by LKH [Keld Helsgaun] Tue Dec 11 21:24:50 2018
TYPE : TOUR
DIMENSION : 354
TOUR_SECTION
1
121
297
122
123
298
124
5
239
6
7
240
8
16
244
15
14
243
13
128
300
127
10
241
9
17
245
18
131
302
132
133
303
134
135
304
136
137
305
138
35
254
36
141
307
142
58
265
57
93
283
94
149
311
150
109
291
110
160
316
159
158
315
157
67
270
68
69
271
70
167
320
168
99
286
100
101
287
102
103
288
104
210
341
209
83
278
84
215
344
216
120
296
119
213
343
214
204
338
203
202
337
201
200
336
199
198
335
197
76
274
75
74
273
73
72
272
71
166
319
165
164
318
163
42
257
41
40
256
39
153
313
154
155
314
156
66
269
65
64
268
63
146
309
145
61
267
62
147
310
148
95
284
96
97
285
98
169
321
170
171
322
172
182
327
181
180
326
179
178
325
177
176
324
175
174
323
173
43
258
44
45
259
46
47
260
48
183
328
184
185
329
186
187
330
188
23
248
24
32
252
31
191
332
192
193
333
194
195
334
196
77
275
78
79
276
80
81
277
82
208
340
207
206
339
205
49
261
50
226
349
225
224
348
223
51
262
52
229
351
230
231
352
232
91
282
92
235
354
236
222
347
221
220
346
219
218
345
217
87
280
88
55
264
56
54
263
53
234
353
233
90
281
89
228
350
227
86
279
85
106
289
105
211
342
212
118
295
117
116
294
115
114
293
113
112
292
111
161
317
162
152
312
151
108
290
107
59
266
60
144
308
143
38
255
37
140
306
139
34
253
33
25
249
26
27
250
28
29
251
30
190
331
189
22
247
21
20
246
19
130
301
129
12
242
11
126
299
125
4
238
3
2
237
-1
EOF
