NAME : results17.1809980.tour
COMMENT : Length = 1809980
COMMENT : Found by LKH [Keld Helsgaun] Tue Dec 11 21:24:54 2018
TYPE : TOUR
DIMENSION : 249
TOUR_SECTION
1
77
205
78
79
206
80
5
169
6
121
227
122
17
175
18
19
176
20
30
181
29
28
180
27
95
214
96
97
215
98
33
183
34
100
216
99
32
182
31
25
179
26
94
213
93
21
177
22
124
228
123
125
229
126
127
230
128
36
184
35
101
217
102
111
222
112
114
223
113
63
198
64
115
224
116
62
197
61
60
196
59
110
221
109
108
220
107
56
194
55
104
218
103
38
185
37
53
193
54
105
219
106
57
195
58
140
236
139
68
200
67
137
235
138
69
201
70
151
242
152
73
203
74
163
248
164
76
204
75
49
191
50
51
192
52
42
187
41
145
239
146
147
240
148
149
241
150
71
202
72
153
243
154
155
244
156
166
249
165
162
247
161
160
246
159
158
245
157
48
190
47
46
189
45
44
188
43
130
231
129
65
199
66
136
234
135
134
233
133
132
232
131
39
186
40
144
238
143
142
237
141
117
225
118
119
226
120
14
173
13
12
172
11
84
208
83
8
170
7
9
171
10
85
209
86
87
210
88
89
211
90
91
212
92
24
178
23
15
174
16
82
207
81
4
168
3
2
167
-1
EOF
