NAME : results13.1681640.tour
COMMENT : Length = 1681640
COMMENT : Found by LKH [Keld Helsgaun] Tue Dec 11 20:29:21 2018
TYPE : TOUR
DIMENSION : 774
TOUR_SECTION
1
243
638
244
15
524
16
17
525
18
19
526
20
348
690
347
346
689
345
375
704
376
8
520
7
6
519
5
317
675
318
319
676
320
321
677
322
323
678
324
68
550
67
295
664
296
85
559
86
326
679
325
69
551
70
354
693
353
352
692
351
350
691
349
21
527
22
23
528
24
409
721
410
411
722
412
413
723
414
415
724
416
92
562
91
387
710
388
109
571
110
419
726
420
129
581
130
451
742
452
148
590
147
423
728
424
161
597
162
163
598
164
491
762
492
493
763
494
495
764
496
497
765
498
499
766
500
501
767
502
221
627
222
505
769
506
504
768
503
236
634
235
463
748
464
434
733
433
432
732
431
430
731
429
428
730
427
426
729
425
160
596
159
158
595
157
364
698
363
143
588
144
392
712
391
390
711
389
108
570
107
106
569
105
104
568
103
102
567
101
260
646
259
98
565
97
257
645
258
99
566
100
261
647
262
263
648
264
265
649
266
267
650
268
151
592
152
305
669
306
307
670
308
188
610
187
280
656
279
204
618
203
276
654
275
274
653
273
172
602
171
270
651
269
169
601
170
271
652
272
173
603
174
175
604
176
177
605
178
367
700
368
369
701
370
371
702
372
228
630
227
226
629
225
224
628
223
281
657
282
283
658
284
240
636
239
238
635
237
201
617
202
277
655
278
205
619
206
207
620
208
209
621
210
211
622
212
213
623
214
215
624
216
460
746
459
458
745
457
184
608
183
182
607
181
397
715
398
399
716
400
401
717
402
230
631
229
373
703
374
404
718
403
231
632
232
233
633
234
462
747
461
217
625
218
219
626
220
516
774
515
514
773
513
118
575
117
484
758
483
482
757
481
96
564
95
446
739
445
77
555
78
476
754
475
472
752
471
31
532
32
508
770
507
465
749
466
14
523
13
436
734
435
405
719
406
407
720
408
25
529
26
27
530
28
468
750
467
469
751
470
509
771
510
82
557
81
80
556
79
477
755
478
479
756
480
511
772
512
486
759
485
116
574
115
114
573
113
112
572
111
418
725
417
93
563
94
447
740
448
449
741
450
131
582
132
487
760
488
168
600
167
166
599
165
490
761
489
150
591
149
453
743
454
455
744
456
185
609
186
200
616
199
198
615
197
196
614
195
194
613
193
192
612
191
339
686
340
341
687
342
343
688
344
314
673
313
312
672
311
310
671
309
189
611
190
338
685
337
336
684
335
334
683
333
141
587
142
362
697
361
124
578
123
330
681
329
328
680
327
87
560
88
357
695
358
359
696
360
125
579
126
127
580
128
421
727
422
146
589
145
393
713
394
395
714
396
180
606
179
366
699
365
156
594
155
154
593
153
304
668
303
302
667
301
121
577
122
331
682
332
140
586
139
138
585
137
136
584
135
134
583
133
119
576
120
300
666
299
298
665
297
84
558
83
256
644
255
254
643
253
62
547
61
251
642
252
63
548
64
65
549
66
294
663
293
48
540
47
250
641
249
248
640
247
30
531
29
241
637
242
245
639
246
33
533
34
35
534
36
37
535
38
39
536
40
381
707
382
55
544
56
57
545
58
442
737
441
440
736
439
438
735
437
12
522
11
10
521
9
377
705
378
379
706
380
41
537
42
43
538
44
45
539
46
473
753
474
60
546
59
443
738
444
76
554
75
74
553
73
385
709
386
90
561
89
356
694
355
71
552
72
384
708
383
54
543
53
52
542
51
50
541
49
292
662
291
290
661
289
288
660
287
3
518
4
316
674
315
285
659
286
2
517
-1
EOF
