NAME : results15.1618784.tour
COMMENT : Length = 1618784
COMMENT : Found by LKH [Keld Helsgaun] Tue Dec 11 21:24:51 2018
TYPE : TOUR
DIMENSION : 333
TOUR_SECTION
1
17
231
18
123
284
124
125
285
126
22
233
21
20
232
19
35
240
36
128
286
127
23
234
24
25
235
26
27
236
28
183
314
184
46
245
45
168
306
167
166
305
165
9
227
10
181
313
182
29
237
30
196
320
195
13
229
14
209
327
210
32
238
31
197
321
198
48
246
47
185
315
186
64
254
63
62
253
61
60
252
59
138
291
137
56
250
55
53
249
54
135
290
136
57
251
58
139
292
140
141
293
142
74
259
73
71
258
72
143
294
144
145
295
146
147
296
148
116
280
115
76
260
75
109
277
110
114
279
113
112
278
111
77
261
78
79
262
80
81
263
82
83
264
84
85
265
86
161
303
162
176
310
175
90
267
89
88
266
87
160
302
159
158
301
157
156
300
155
154
299
153
152
298
151
150
297
149
117
281
118
119
282
120
121
283
122
129
287
130
39
242
40
132
288
131
38
241
37
134
289
133
41
243
42
43
244
44
169
307
170
171
308
172
173
309
174
91
268
92
177
311
178
93
269
94
189
317
190
191
318
192
206
325
205
204
324
203
99
272
100
101
273
102
103
274
104
105
275
106
221
333
222
108
276
107
220
332
219
218
331
217
216
330
215
68
256
67
201
323
202
98
271
97
96
270
95
188
316
187
65
255
66
200
322
199
49
247
50
51
248
52
70
257
69
214
329
213
212
328
211
33
239
34
16
230
15
208
326
207
193
319
194
12
228
11
180
312
179
163
304
164
8
226
7
6
225
5
4
224
3
2
223
-1
EOF
