NAME : results16.2075272.tour
COMMENT : Length = 2075272
COMMENT : Found by LKH [Keld Helsgaun] Tue Dec 11 21:24:53 2018
TYPE : TOUR
DIMENSION : 369
TOUR_SECTION
1
5
249
6
7
250
8
127
310
128
123
308
124
125
309
126
9
251
10
161
327
162
163
328
164
55
274
56
179
336
180
77
285
78
79
286
80
81
287
82
238
365
237
236
364
235
234
363
233
232
362
231
48
270
47
230
361
229
44
268
43
228
360
227
224
358
223
20
256
19
220
356
219
3
248
4
218
355
217
201
347
202
203
348
204
38
265
37
36
264
35
177
335
178
57
275
58
193
343
194
195
344
196
109
301
110
199
346
200
216
354
215
214
353
213
212
352
211
112
302
111
198
345
197
108
300
107
106
299
105
182
337
181
76
284
75
74
283
73
147
320
148
149
321
150
151
322
152
92
292
91
87
290
88
153
323
154
97
295
98
157
325
158
120
306
119
94
293
93
95
294
96
155
324
156
99
296
100
169
331
170
171
332
172
186
339
185
184
338
183
104
298
103
102
297
101
168
330
167
166
329
165
54
273
53
52
272
51
50
271
49
67
280
68
143
318
144
146
319
145
70
281
69
83
288
84
142
317
141
140
316
139
138
315
137
46
269
45
41
267
42
136
314
135
134
313
133
30
261
29
130
311
129
24
258
23
27
260
28
131
312
132
31
262
32
33
263
34
176
334
175
13
253
14
15
254
16
17
255
18
221
357
222
21
257
22
26
259
25
225
359
226
40
266
39
205
349
206
61
277
62
63
278
64
65
279
66
71
282
72
239
366
240
86
289
85
241
367
242
117
305
118
245
369
246
90
291
89
243
368
244
116
304
115
114
303
113
210
351
209
208
350
207
60
276
59
192
342
191
190
341
189
188
340
187
173
333
174
12
252
11
160
326
159
121
307
122
2
247
-1
EOF
